mono pinhole calibration...
D = [-0.13016039031434645, 0.17750641931687638, -0.001447952097018792, 0.0007412108596650789, 0.0]
K = [899.2880822008101, 0.0, 623.5166025666749, 0.0, 902.8946878311265, 375.5017059319537, 0.0, 0.0, 1.0]
R = [1.0, 0.0, 0.0, 0.0, 1.0, 0.0, 0.0, 0.0, 1.0]
P = [895.1912309311427, 0.0, 626.1114790974117, 0.0, 0.0, 899.7156382800594, 373.7534032986378, 0.0, 0.0, 0.0, 1.0, 0.0]
None
# oST version 5.0 parameters


[image]

width
1280

height
720

[narrow_stereo]

camera matrix
899.288082 0.000000 623.516603
0.000000 902.894688 375.501706
0.000000 0.000000 1.000000

distortion
-0.130160 0.177506 -0.001448 0.000741 0.000000

rectification
1.000000 0.000000 0.000000
0.000000 1.000000 0.000000
0.000000 0.000000 1.000000

projection
895.191231 0.000000 626.111479 0.000000
0.000000 899.715638 373.753403 0.000000
0.000000 0.000000 1.000000 0.000000